xx = [5.70197821e-01, 1.22167230e-01]
x1 = xx(1);
x2 = xx(2);

term1 = 0.75 * exp(-(9*x1-2)^2/4 - (9*x2-2)^2/4);
term2 = 0.75 * exp(-(9*x1+1)^2/49 - (9*x2+1)/10);
term3 = 0.5 * exp(-(9*x1-7)^2/4 - (9*x2-3)^2/4);
term4 = -0.2 * exp(-(9*x1-4)^2 - (9*x2-7)^2);

y = term1 + term2 + term3 + term4
